Порядок матрицы          Относительная погрешность
        3                 7.401486830834377e-17
        4                 1.1102230246251565e-16
        5                 3.552713678800501e-16
        6                 2.9605947323337506e-16
        7                 7.61295788314393e-16
        8                 1.7763568394002505e-15
        9                 1.1842378929335002e-15
        10                 1.0658141036401502e-15
        11                 6.459479416000911e-16
        12                 1.2582527612418441e-15
        13                 4.099285014000578e-15
        14                 5.075305255429287e-16
        15                 4.736951571734001e-16
        16                 3.552713678800501e-15
        17                 1.9853399969767506e-15
        18                 3.157967714489334e-15
        19                 2.6177890264845795e-15
        20                 8.437694987151189e-16
        21                 1.8271098919545435e-14
        22                 1.453382868600205e-15
        23                 4.4795085515310666e-15
        24                 4.440892098500626e-15
        25                 1.3500311979441904e-15
        26                 2.596213842200366e-15
        27                 3.684295666904223e-15
        28                 1.7763568394002505e-15
        29                 5.390324202318001e-15
        30                 1.1605531350748303e-14
        31                 1.7706266560473463e-14
        32                 7.105427357601002e-15
        33                 8.827955201867911e-15
        34                 2.507797890918001e-15
        35                 3.045183153257572e-15
        36                 1.5493779099213294e-14
        37                 3.696742611724846e-15
        38                 2.0942312211876636e-14
        39                 3.042580432613762e-14
        40                 3.4638958368304883e-15
        41                 5.545699401054441e-15
        42                 6.767073673905716e-15
        43                 2.1812009562868193e-14
        44                 1.8248029350202574e-14
        45                 4.421154800285068e-15
        46                 9.885811975792698e-15
        47                 3.3259447205791924e-15
        48                 3.4046839421838135e-15
        49                 1.0629139292084764e-13
        50                 2.1515234038815834e-13
        51                 1.1563734719233003e-14
        52                 1.0931426704001542e-14
        53                 6.435104021978266e-15
        54                 1.5263510620031783e-14
        55                 6.201100239360874e-15
        56                 2.20775778611174e-14
        57                 3.3657287483373164e-14
        58                 2.958552942863176e-14
        59                 1.5504283356229712e-12
        60                 1.7266188478970435e-13
        61                 6.75598011050587e-15
        62                 9.741311699936857e-15
        63                 2.0526790144180672e-14
        64                 5.972555783273492e-12
        65                 7.597341559281071e-15
        66                 4.736951571734001e-15
        67                 4.666250802006628e-15
        68                 6.687461042448002e-15
        69                 8.650085478818612e-15
        70                 1.3474935453164757e-14
        71                 2.0255471791245674e-13
        72                 2.3586071367592216e-14
        73                 1.2458831531136003e-14
        74                 1.2674546097342328e-14
        75                 2.1789977229976407e-14
        76                 4.547473508864641e-13
        77                 1.919388169325985e-14
        78                 2.7328566760003854e-14
        79                 4.3172216856309886e-15
        80                 2.2595258997171186e-13
        81                 2.5790069668329563e-14
        82                 3.570043989428796e-14
        83                 6.574660494744059e-14
        84                 1.6240976817373718e-14
        85                 7.523393672754002e-14
        86                 1.8176674635723494e-14
        87                 1.3720825242264004e-14
        88                 2.115479508740298e-14
        89                 6.818016812799164e-14
        90                 6.552783007565369e-15
        91                 1.9988894544459963e-14
        92                 1.5909978648541375e-14
        93                 1.2224391152861939e-14
        94                 3.114293692905971e-14
        95                 1.9147256879430068e-14
        96                 1.569115208136888e-14
        97                 3.0619264283270295e-14
        98                 1.1890715169862902e-14
        99                 1.3206046806046306e-14
        100                 4.82458517581108e-14
        101                 1.0172720751575296e-13
        102                 4.307839488176921e-13
        103                 1.3796946325438839e-14
